0 0.26179941 0.43473452 0.01917406 0.02433628
0 0.36651918 0.29424779 0.04867256 0.02654866
0 0.36873157 0.35619469 0.05309734 0.04867258
0 0.37020649 0.41482301 0.0501475 0.04646018
0 0.37536873 0.47013275 0.05162242 0.05530974
0 0.37684365 0.52433629 0.05162242 0.05309734
0 0.38126843 0.57853983 0.05162242 0.06415935
0 0.4741888 0.28429203 0.1047198 0.05530974
0 0.47713864 0.37278761 0.10176992 0.07743362
0 0.47861359 0.44247787 0.09292037 0.07964602
0 0.48082597 0.60066374 0.09144546 0.09513273
0 0.47935104 0.68141592 0.08554572 0.11946904
0 0.48746314 0.53207964 0.07817112 0.09955752
0 0.61873156 0.69690267 0.05162239 0.07964606
0 0.6179941 0.78207965 0.03834814 0.0685841
0 0.62684366 0.59955753 0.0442478 0.07079646
0 0.63348085 0.48451328 0.0457227 0.07964604
0 0.64085547 0.36725664 0.05162246 0.06637168
0 0.63716814 0.8130531 0.0442478 0.0774336
0 0.64306783 0.25000001 0.05309735 0.07079647
0 0.64306785 0.71681416 0.0412979 0.0840708
0 0.65117994 0.6084071 0.04867262 0.0752212
0 0.6563422 0.49557523 0.0442478 0.07964602
0 0.67109148 0.23672567 0.06489675 0.06194691
0 0.66666667 0.37057522 0.04719766 0.07300884
0 0.66297934 0.83738938 0.03982299 0.08628315
0 0.67477875 0.7289823 0.0457227 0.0951328
0 0.68362834 0.61946905 0.04277287 0.0840708
0 0.6939528 0.375 0.0545722 0.09070796
0 0.6902655 0.49778761 0.0442478 0.08407078
0 0.69395283 0.8595133 0.03687315 0.0818584
0 0.70870205 0.23451328 0.0575221 0.07522125
0 0.70501473 0.75221241 0.04719766 0.09734511
0 0.71165189 0.64048674 0.05752212 0.09070793
0 0.7278761 0.50663719 0.05752212 0.09292037
0 0.72566373 0.88827434 0.04424775 0.08628313
0 0.73156344 0.37831858 0.05309733 0.09292036
0 0.7359882 0.77654867 0.058997 0.09734514
0 0.74336285 0.2289823 0.0707965 0.0818584
0 0.75147495 0.66039825 0.0575221 0.1039823
0 0.76032449 0.51327433 0.05457223 0.09292034
0 0.75516224 0.91924781 0.03244841 0.09955752
0 0.77359882 0.38274336 0.06047196 0.10176992
0 0.7735988 0.80088495 0.039823 0.1061947
0 0.78908553 0.23340708 0.06489674 0.11725664
0 0.7839233 0.67809735 0.0427728 0.1128319
0 0.79941002 0.54535398 0.03244836 0.08628315
0 0.81489677 0.39269911 0.04867254 0.08628318
0 0.83259587 0.23340708 0.04277286 0.09070796
