0 0.49909747 0.06859206 0.99819493 0.13718411
0 0.12545127 0.19043322 0.25090253 0.31227437
0 0.13808665 0.39891695 0.2761733 0.0902527
0 0.14440434 0.4900722 0.28880867 0.0920578
0 0.13537906 0.59115525 0.27075812 0.1028881
0 0.10018051 0.79873645 0.20036101 0.3303249
0 0.23194946 0.79151624 0.05595668 0.26534293
0 0.31317689 0.3998195 0.13176896 0.07761735
0 0.31678701 0.49729241 0.12815887 0.08844766
0 0.28700361 0.17689531 0.06498194 0.31407942
0 0.31407942 0.5929603 0.11913356 0.099278
0 0.29241877 0.83032492 0.06859206 0.28880864
0 0.33483755 0.18682311 0.0559567 0.27617329
0 0.33483755 0.80866427 0.0559567 0.27075814
0 0.42057762 0.17779784 0.07581228 0.31227437
0 0.41877257 0.8366426 0.07220217 0.2942238
0 0.433213 0.49277977 0.07942235 0.09747294
0 0.42238269 0.72563178 0.05776173 0.10469316
0 0.43411552 0.39801444 0.07761731 0.07400724
0 0.43411552 0.59927798 0.07761731 0.09386276
0 0.5397112 0.49729241 0.0866426 0.08844766
0 0.54241877 0.60379063 0.09205773 0.09927795
0 0.54241877 0.3971119 0.08844767 0.0866426
0 0.53158842 0.18772563 0.05234656 0.28158844
0 0.54151625 0.73014437 0.0649819 0.11732854
0 0.54873647 0.8267148 0.07581226 0.267148
0 0.5640794 0.17328519 0.066787 0.29963898
0 0.6462094 0.49638989 0.1588448 0.09386282
0 0.64891699 0.59747291 0.1570397 0.09747291
0 0.64801443 0.3998195 0.15162455 0.07761735
0 0.62003608 0.79873645 0.05595664 0.2653429
0 0.62725633 0.19133574 0.04873646 0.26353789
0 0.6606498 0.8240072 0.0794224 0.2797834
0 0.6796029 0.17689531 0.0595668 0.29963899
0 0.83032492 0.48826714 0.33574003 0.08844767
0 0.83122742 0.39440432 0.33393503 0.09205776
0 0.7166065 0.78519855 0.0722022 0.2563177
0 0.84296027 0.58212996 0.31046933 0.08122743
0 0.84927797 0.19133574 0.29783393 0.29241878
0 0.86732852 0.77346572 0.26173283 0.34115524
