0 0.049676027 0.0929003 0.099352054 0.1858006
0 0.5 0.11404834 1.0 0.22809668
0 0.48920085 0.37311178 0.9784017 0.25679756000000004
0 0.33261338 0.383685795 0.66522676 0.23564953000000005
0 0.507559384 0.6933534800000001 0.9330453320000001 0.32930516
0 0.529157663 0.940332325 0.8250539939999999 0.11933534999999995
0 0.39848812499999997 0.129154075 0.10151185000000001 0.15256797
0 0.50539957 0.9418428999999999 0.25485959999999996 0.11631420000000003
0 0.498920095 0.133685803 0.08639309000000006 0.164652574
0 0.7386609 0.70694865 0.475162 0.30815709999999996
0 0.6025918 0.10800604 0.10799139999999996 0.20090634000000002
