0 0.19609375 0.49062501999999997 0.3921875 0.31458336000000003
0 0.20859375 0.853125 0.4171875 0.29374999999999996
0 0.25 0.094791665 0.321875 0.18958333
0 0.2546875 0.48020834 0.275 0.30208332
0 0.6460937499999999 0.79270835 0.20156249999999998 0.3145833
0 0.65625 0.44062501 0.21875 0.3104167
0 0.5734375 0.8177083199999999 0.046875 0.23541664000000007
0 0.6515625 0.1145833367 0.19687500000000002 0.2250000066
0 0.6796875 0.7677083250000001 0.12812500000000004 0.24375004999999994
0 0.8796875 0.944791675 0.03125 0.11041665
0 0.92265625 0.7427083299999999 0.1015625 0.16458333999999997
0 0.9296875 0.49895831999999996 0.11250000000000004 0.14374996
0 0.9351562499999999 0.316666675 0.11093750000000002 0.08750001000000002
0 0.940625 0.186458335 0.11249999999999993 0.08125000999999998
