0 0.05850234 0.284968677 0.11700468 0.40709810599999996
0 0.18876755 0.77139877 0.3775351 0.44885174000000005
0 0.128705148 0.488517735 0.173166924 0.22964507
0 0.287831517 0.32254695 0.450858046 0.6450939
0 0.5 0.7348642950000001 0.41965680000000005 0.52192069
0 0.607644325 0.293319406 0.39781595 0.553235888
0 0.7308892250000001 0.18789144 0.25429015 0.37578288
0 0.80655225 0.703549055 0.33697350000000004 0.5093945900000001
0 0.859594365 0.3966597 0.18720753 0.1670146
0 0.9492979500000001 0.60855949 0.09828390000000009 0.41962422
