0 0.26179941 0.43473452 0.019174059999999993 0.024336279999999988
0 0.36651918 0.29424779 0.048672559999999976 0.02654866
0 0.36873157 0.35619469000000004 0.05309733999999999 0.04867258000000002
0 0.37020649 0.41482301 0.05014750000000001 0.04646017999999996
0 0.37536873000000004 0.47013275 0.05162242 0.055309739999999996
0 0.37684365 0.5243362899999999 0.05162242 0.05309733999999999
0 0.38126843 0.578539825 0.05162242 0.06415934999999995
0 0.47418879999999997 0.28429203000000003 0.10471979999999997 0.05530974000000005
0 0.47713864000000006 0.37278761 0.10176992000000001 0.07743361999999998
0 0.478613585 0.44247787 0.09292036999999997 0.07964601999999998
0 0.48082597 0.600663735 0.09144545999999998 0.09513273
0 0.47935103999999995 0.6814159200000001 0.08554571999999999 0.11946903999999992
0 0.48746314 0.53207964 0.07817111999999998 0.09955752000000001
0 0.6187315550000001 0.6969026700000001 0.05162239000000002 0.07964606000000007
0 0.6179941 0.78207965 0.038348140000000086 0.06858410000000004
0 0.62684366 0.59955753 0.04424779999999995 0.07079645999999995
0 0.63348085 0.48451328 0.045722700000000005 0.07964603999999997
0 0.64085547 0.36725664 0.051622459999999926 0.06637167999999999
0 0.63716814 0.8130531 0.04424779999999995 0.07743359999999999
0 0.6430678249999999 0.250000005 0.05309734999999993 0.07079647000000003
0 0.64306785 0.71681416 0.0412979 0.0840708
0 0.65117994 0.6084071 0.048672620000000055 0.07522119999999999
0 0.6563422 0.49557523000000003 0.04424779999999995 0.07964602000000004
0 0.671091475 0.236725665 0.06489674999999995 0.06194691000000002
0 0.6666666699999999 0.37057522 0.04719766000000003 0.07300884000000002
0 0.662979335 0.837389375 0.03982299 0.08628315000000009
0 0.67477875 0.7289823 0.045722700000000005 0.09513280000000002
0 0.6836283350000001 0.61946905 0.04277286999999996 0.0840708
0 0.6939527999999999 0.375 0.05457220000000007 0.09070796000000003
0 0.6902655 0.49778761000000005 0.04424779999999995 0.08407078000000007
0 0.693952825 0.8595133 0.03687314999999991 0.0818584
0 0.7087020500000001 0.234513275 0.05752210000000002 0.07522124999999996
0 0.70501473 0.752212405 0.04719766000000003 0.09734511000000001
0 0.71165189 0.640486735 0.05752212000000001 0.09070792999999999
0 0.7278761 0.506637185 0.05752212000000001 0.09292037000000003
0 0.725663725 0.888274335 0.04424775000000003 0.08628312999999999
0 0.731563435 0.37831857999999996 0.05309732999999994 0.09292035999999998
0 0.7359882 0.7765486699999999 0.058996999999999966 0.09734513999999994
0 0.74336285 0.22898230000000003 0.07079649999999993 0.08185840000000003
0 0.75147495 0.66039825 0.05752210000000002 0.10398229999999997
0 0.760324485 0.51327433 0.05457223 0.09292034000000005
0 0.755162235 0.91924781 0.03244840999999998 0.09955752000000007
0 0.7735988199999999 0.38274336 0.06047195999999999 0.10176992000000001
0 0.7735988 0.8008849499999999 0.03982300000000005 0.10619469999999998
0 0.78908553 0.23340708 0.06489674000000001 0.11725664
0 0.7839233 0.67809735 0.042772800000000055 0.11283189999999998
0 0.79941002 0.545353975 0.032448359999999954 0.08628314999999998
0 0.81489677 0.39269911 0.048672539999999986 0.08628318000000001
0 0.83259587 0.23340708 0.042772860000000024 0.09070796
