0 0.08698831 0.087053575 0.17397662 0.17410715
0 0.08479532 0.5122767850000001 0.16959064 0.17187497000000007
0 0.08918129 0.6997768 0.17836258 0.21651785999999995
0 0.078947365 0.90625 0.15789473 0.1875
0 0.06944444825 0.319196425 0.1154970835 0.16517855000000004
0 0.17909356999999998 0.9185268 0.03362572 0.16294640000000005
0 0.27997076 0.133928575 0.17690058000000003 0.16071429
0 0.28070174999999997 0.31584821 0.17836256 0.14062498
0 0.263157895 0.03348214 0.14035088999999998 0.06696428
0 0.45394737999999996 0.8426339350000001 0.45760236 0.31473213
0 0.328216375 0.46875001499999996 0.08333331 0.11607142999999998
0 0.340643265 0.6171875 0.06725147000000004 0.1316964599999999
0 0.53143275 0.23214285499999998 0.1184211 0.11160714999999999
0 0.53728069 0.363839285 0.11549707999999997 0.10714283000000002
0 0.48538011000000003 0.51674107 0.011695920000000026 0.10044640000000005
0 0.497807015 0.51339285 0.010233910000000013 0.10714284000000007
0 0.513157885 0.5111607149999999 0.020467829999999965 0.10267857000000002
0 0.5394737000000001 0.5223214350000001 0.020467799999999925 0.10714287
0 0.572368415 0.51674107 0.039473709999999995 0.13169640000000005
0 0.7309941799999999 0.5044642850000001 0.09649124000000009 0.12499997000000007
0 0.709795315 0.347098215 0.04824562999999993 0.09598216999999998
0 0.769005825 0.34933037 0.02923975000000001 0.078125
0 0.7719298 0.235491075 0.029239800000000038 0.09151785000000001
0 0.9334795499999999 0.496651785 0.09210529999999995 0.06919642999999998
0 0.936403525 0.5870535649999999 0.09210525000000003 0.07589287
0 0.9744151999999999 0.33816965 0.05116960000000004 0.055803559999999974
0 0.9751462 0.277901785 0.04970759999999996 0.055803570000000025
0 0.9758772 0.204241065 0.0482456 0.055803570000000025
0 0.98245615 0.383928565 0.008771900000000055 0.04910713
