0 0.007352941 0.120567375 0.014705882 0.10992907000000002
0 0.02205882265 0.33244681 0.040441174700000006 0.27127658
0 0.024816175500000003 0.129432621 0.034926469 0.17021275800000002
0 0.04963235 0.1134751796 0.0367647 0.21985816079999998
0 0.06893382249999999 0.13918439999999999 0.027573525 0.16843972
0 0.102941177 0.14450355 0.073529406 0.18617022
0 0.39981617999999997 0.6675531800000001 0.03860296000000002 0.05851064000000006
0 0.43474265 0.5966312 0.038602899999999996 0.1471631
0 0.45036764500000004 0.745567375 0.033088229999999996 0.05496455
0 0.46323531 0.78900705 0.02941178 0.1099291
0 0.5055147 0.7819149000000001 0.022058799999999934 0.15602839999999996
0 0.52389705 0.7677305 0.025735300000000016 0.16312060000000006
0 0.600183825 0.7402481999999999 0.12316174999999996 0.11879432000000001
0 0.8400735500000001 0.7828014249999999 0.31617649999999997 0.13652484999999992
