0 0.499097465 0.068592055 0.99819493 0.13718411
0 0.125451265 0.190433215 0.25090253 0.31227437
0 0.13808665 0.39891695 0.2761733 0.09025269999999996
0 0.144404335 0.49007219999999996 0.28880867 0.09205780000000002
0 0.13537906 0.5911552499999999 0.27075812 0.10288810000000004
0 0.100180505 0.79873645 0.20036101 0.33032490000000003
0 0.23194946 0.791516235 0.05595667999999998 0.26534293
0 0.31317689 0.399819495 0.13176896000000002 0.07761734999999997
0 0.316787005 0.49729241 0.12815886999999998 0.08844765999999998
0 0.28700360999999996 0.176895308 0.06498193999999996 0.31407942400000005
0 0.31407942 0.5929603 0.11913355999999997 0.09927799999999998
0 0.29241877000000005 0.83032492 0.06859206000000001 0.28880864000000006
0 0.33483755000000004 0.186823105 0.055956700000000026 0.27617329
0 0.33483755000000004 0.80866427 0.055956700000000026 0.27075814
0 0.42057762 0.17779783500000002 0.07581228000000001 0.31227437
0 0.41877256500000004 0.8366426 0.07220217000000001 0.2942237999999999
0 0.433212995 0.49277976999999995 0.07942234999999997 0.09747294000000001
0 0.422382685 0.7256317800000001 0.05776173000000001 0.10469315999999995
0 0.434115515 0.39801443999999997 0.07761731 0.07400723999999997
0 0.434115515 0.59927798 0.07761731 0.09386275999999993
0 0.5397112 0.49729241 0.08664259999999996 0.08844765999999998
0 0.542418765 0.603790625 0.09205773 0.09927795000000006
0 0.542418765 0.3971119 0.08844767000000003 0.08664260000000001
0 0.5315884200000001 0.18772563 0.05234656000000004 0.28158844
0 0.54151625 0.73014437 0.06498190000000004 0.11732853999999993
0 0.54873647 0.8267148 0.07581225999999996 0.26714800000000005
0 0.5640794 0.17328519199999998 0.06678699999999993 0.299638976
0 0.6462094 0.49638989 0.1588448 0.09386282000000001
0 0.64891699 0.597472905 0.1570397 0.09747290999999991
0 0.648014425 0.399819495 0.15162455000000008 0.07761734999999997
0 0.62003608 0.79873645 0.05595664 0.26534289999999994
0 0.62725633 0.19133573499999998 0.04873645999999998 0.26353789
0 0.6606498000000001 0.8240072 0.0794224 0.2797834
0 0.6796029 0.176895306 0.05956680000000003 0.29963898800000005
0 0.830324915 0.48826713499999996 0.3357400300000001 0.08844767000000003
0 0.8312274150000001 0.39440432000000003 0.33393503 0.09205776000000004
0 0.7166065 0.78519855 0.0722022 0.2563177
0 0.8429602650000001 0.582129955 0.31046933 0.08122742999999999
0 0.849277965 0.191335741 0.29783393 0.29241877800000005
0 0.8673285150000001 0.77346572 0.26173283 0.34115523999999997
