3 0.3955 0.42916666666666664 0.0355 0.11583333333333333
5 0.4645 0.4608333333333333 0.043 0.059166666666666666
1 0.7215 0.3975 0.0465 0.07166666666666667
5 0.8465 0.54 0.0435 0.051666666666666666
5 0.752 0.7458333333333333 0.022 0.0325
5 0.062 0.88 0.0795 0.07333333333333333
5 0.1135 0.6441666666666667 0.041 0.04666666666666667
5 0.3265 0.65 0.0265 0.020833333333333332
5 0.3635 0.7858333333333334 0.0995 0.060833333333333336
5 0.458 0.8008333333333333 0.0395 0.035833333333333335
5 0.5035 0.8591666666666666 0.037 0.04083333333333333
5 0.6145 0.9025 0.0325 0.034166666666666665
5 0.545 0.8108333333333333 0.044 0.055
5 0.2955 0.8516666666666667 0.0325 0.03
5 0.6335 0.8166666666666667 0.0475 0.035