5 0.8439552267538527 0.11470128176729512 0.054064758960621476 0.10372264782140746
5 0.8643943935084963 0.45377027143307286 0.03268074753220049 0.06624134711229639
5 0.8625526246766769 0.29557271044014694 0.044152034285262286 0.11166806018214818
5 0.9839031210409606 0.4483012824772578 0.022663292467272184 0.06418675947303693
5 0.9599005903914146 0.40175168886010976 0.03350619688291818 0.049613472542888906
5 0.9827933293522996 0.3633788666717764 0.022576017142631143 0.05585342613970378
5 0.9572471610404332 0.32105412786718385 0.03727928103885142 0.02810197426525936
5 0.9796700083139753 0.5184370548176652 0.029453831688133505 0.04445830415385179
5 0.9432547529890707 0.4640390290829246 0.044384011428420765 0.03837351894607423
5 0.9154093179238787 0.40264460385481354 0.021802932986698123 0.07748130070911116
5 0.7505427615603862 0.44402590385396196 0.0978203880516262 0.08209616676748169
5 0.7220703392234976 0.6333872277646657 0.04325676467483163 0.12162926808488882
5 0.6049318342878987 0.5079840912898881 0.05266329246727219 0.06535052239081494
5 0.5215016545476114 0.5045565647443696 0.11687275324641086 0.08783321661540754
5 0.4798932579246697 0.611960978016703 0.11701239376583658 0.10116654994874087
5 0.33991690987251616 0.5674112676816292 0.08355856207770296 0.05655307740585196
5 0.2658558171452674 0.5761152162121478 0.06874550649282173 0.1692657371830372
5 0.21682596831450257 0.6763105702139256 0.05616948935019059 0.11380023201592603
5 0.17378233065218202 0.6821452970627405 0.07050619688291829 0.051048780141481606
5 0.06927980000263623 0.638718467274963 0.04846622545397028 0.14182322857118532
5 0.029314450650600288 0.6544756099292592 0.058628901301200576 0.09732752583555566
5 0.12078852753510035 0.6358873409327777 0.06761092727248763 0.06093240384970386