3 0.4216493410210418 0.6738602302992046 0.08179568163855924 0.08153208037342949
5 0.45622637674394056 0.5566020642478595 0.04697041174096921 0.08585331058773288
1 0.47024330279818605 0.09830751775942312 0.056261628578319005 0.09436118472310248
5 0.694330667849391 0.09146339113096483 0.02451432755421956 0.043779382049648256
5 0.5452618295300683 0.8255251454700181 0.018747301024099442 0.05032968818162393
5 0.6383344004517578 0.7787506473159826 0.05834852705422827 0.1826751246339874
5 0.6670422504638163 0.6149712652663344 0.03162095153614928 0.07556240925100573
5 0.7130467152650256 0.5424609847231592 0.03350446480120922 0.07226786276256936
5 0.7635990941053987 0.3541076741354263 0.029155004596389516 0.06219028907277542
5 0.6918132752198498 0.46375976019525583 0.043912168373499295 0.08412846365372086
5 0.6648205394728341 0.9073161178867466 0.027096761228919377 0.06048483556121179
5 0.7142007867108232 0.3092634053469651 0.03208689847590904 0.08889574258433906