3 0.4556809762000394 0.33426216131287834 0.07964127616611222 0.08514634464012867
5 0.4871254300644617 0.4534618706448921 0.044746038474587406 0.0870892241819513
1 0.4896937209052006 0.9095171132199232 0.0528857215525544 0.09445466123905855
5 0.7128683247526593 0.937328671186787 0.02387301923729365 0.043675631539183545
5 0.5820730277152738 0.19724017367480143 0.017012702315260867 0.04973087411421441
5 0.6735508092610428 0.25181168038332674 0.05480636387460049 0.18612132790572522
5 0.6989555842864882 0.4162332989570383 0.02953651385763692 0.0757790296998753
5 0.7424571773746333 0.49156851017351794 0.03246667231865331 0.07270773526295708
5 0.7879206847119467 0.6843600482405948 0.027257147701702934 0.0622710037689319
5 0.7191159139254912 0.5685515193700579 0.04174603847458729 0.08682718528553607
5 0.70339683077967 0.12798376842782486 0.024257147701702935 0.06200896487251659
5 0.737846085103478 0.7240720536682029 0.029815880013570904 0.08911236303320871