3 0.5287384335079691 0.33850987487611034 0.07876802285684152 0.07635911691955566
5 0.5139118485734245 0.46570023485577705 0.042855298181482794 0.08329593475155567
1 0.5741640709129494 0.9165120818672585 0.050942573506123606 0.09193960486296267
5 0.38132937506598275 0.2401038346524439 0.016523651947846475 0.0506206735561481
5 0.2960002594818924 0.3225484335375181 0.05093751220703211 0.18690081276570378
5 0.2932111153267501 0.49342055896811077 0.028785477921769824 0.07608617872325946
5 0.2593034519504827 0.581367364844333 0.029733112726985155 0.07112497082051845
5 0.23967393402924023 0.7853795598797034 0.025645837402344 0.0626364690981482
5 0.2930703392234976 0.6500290374888884 0.04089020831133917 0.08655168389037043
5 0.2487133864944035 0.2085965169212589 0.0236632924672723 0.06422555157029634
5 0.29640338052285287 0.8090017436692587 0.027925118441195537 0.08938071995933342