3 0.5955 0.367007802946107 0.048 0.12779366155933986
5 0.5305 0.42245755297437965 0.05 0.07457673079097901
1 0.2695 0.4493147543699566 0.054 0.08814286925425714
5 0.161 0.6331295935197143 0.049 0.06618519617515933
5 0.276 0.8031031127004628 0.025 0.04145503206215608
5 0.965 0.6946690957341057 0.07 0.0990740897740371
5 0.8975 0.48109768230192734 0.046 0.061010592327700695
5 0.687 0.5600157189319488 0.029 0.0300211705254344
5 0.665 0.7062961471466462 0.105 0.09444446799438917
5 0.573 0.7549839984687143 0.043 0.050835988480242046
5 0.534 0.8280871818190112 0.042 0.05244445386442218
5 0.4285 0.9092274171213103 0.035 0.04370371155368503
5 0.488 0.7949311074800453 0.049 0.06951852950849267
5 0.7395 0.7469601516014209 0.036 0.04042857950283822
5 0.4005 0.8316903863642583 0.051 0.052968265406798686