5 0.133 0.2225 0.046 0.09166666666666666
5 0.134 0.5583333333333333 0.0275 0.059166666666666666
5 0.126 0.4033333333333333 0.035 0.1025
5 0.013 0.5825 0.026 0.058333333333333334
5 0.0375 0.53 0.0295 0.0425
5 0.0115 0.49833333333333335 0.0225 0.050833333333333335
5 0.0355 0.4508333333333333 0.036 0.020833333333333332
5 0.0195 0.6491666666666667 0.039 0.035
5 0.058 0.5866666666666667 0.041 0.028333333333333332
5 0.081 0.52 0.0155 0.0725
5 0.244 0.5208333333333334 0.091 0.059166666666666666
5 0.283 0.6991666666666667 0.034 0.1125
5 0.389 0.55 0.0475 0.051666666666666666
5 0.4695 0.5266666666666666 0.11 0.060833333333333336
5 0.5165 0.6216666666666667 0.1085 0.07333333333333333
5 0.6495 0.5441666666666667 0.0795 0.03666666666666667
5 0.7215 0.5358333333333334 0.0545 0.15416666666666667
5 0.7755 0.6216666666666667 0.0465 0.10083333333333333
5 0.818 0.6175 0.067 0.034166666666666665
5 0.916 0.55 0.037 0.13
5 0.9585 0.5558333333333333 0.055 0.08333333333333333
5 0.866 0.56 0.062 0.04416666666666667