5 0.4364317615022054 0.5882481360464934 0.0503607054482793 0.10381815248424629
5 0.6182488332269024 0.49565490919534616 0.07127925583092588 0.08068844319429634
5 0.6017979514165533 0.624976717990305 0.03715708140489596 0.0453587661716756
5 0.5674695773959766 0.5761445765377683 0.04219780621357245 0.05707391475343343
5 0.6434753952257874 0.573740984761714 0.05426762017130386 0.07719027134965283
5 0.2891408700116576 0.6730068376835109 0.025145445745273946 0.04190907624212324
5 0.42368092809284996 0.9466929777845368 0.028116356596219135 0.03360483205784476
5 0.3930009087324526 0.8553268989914361 0.029145445745273946 0.04194786177419625
5 0.6954812130555986 0.5715701061780978 0.03114544574527372 0.04196725454023256
5 0.7077575599716189 0.4922870829152119 0.02513381008565193 0.03857574290878991
5 0.7442081084182257 0.5060998316017121 0.02821525970300536 0.061938165391177906
5 0.22633867622523007 0.6169510431469944 0.03322107753281625 0.06365331397293593
5 0.5747142596117789 0.36274821671481616 0.040180352724139536 0.052054521987397115
5 0.24877601355227819 0.061752267295120206 0.027203624043383456 0.05859513567482632
5 0.24196733520855543 0.2934771122598964 0.02816871706451775 0.04860483205784457