3 0.3397616935342712 0.5528677671166322 0.09497859792021904 0.11964909935581697
5 0.2657539985858136 0.6629781418089029 0.040513045468402877 0.08931521370835337
5 0.46746218692063246 0.9228012364393506 0.020756522734201324 0.044691562585480064
5 0.5225295789712835 0.8940024111514511 0.0817749187225495 0.10709958367525474
5 0.8875342678283084 0.6317838710234308 0.07056053848498936 0.1512846461239665
3 0.9083958159726528 0.21103400910196338 0.0487749187225495 0.10485850540921215
5 0.7424876161945176 0.4525663078908762 0.03690200787539379 0.054111479320531355
5 0.5022738976198781 0.7065731584468451 0.023727425705962788 0.043228630306635596
5 0.9541530003697747 0.48613020463030127 0.05225117221425626 0.07513015125964159
5 0.42047823848046817 0.9942182535252175 0.013552843536531783 0.011563492949564989
5 0.6134713849148066 0.9035156875820534 0.021669231649485938 0.03975947404808759