3 0.1665 0.24083333333333334 0.0575 0.155
5 0.243 0.1275 0.038 0.05416666666666667
5 0.4305 0.4633333333333333 0.018 0.019166666666666665
5 0.4505 0.43666666666666665 0.016 0.0325
5 0.509 0.4166666666666667 0.02 0.0625
5 0.3455 0.6475 0.019 0.05
5 0.6435 0.2758333333333333 0.0225 0.0375
5 0.358 0.5783333333333334 0.017 0.03833333333333333
5 0.372 0.5308333333333334 0.021 0.034166666666666665
5 0.055 0.945 0.0255 0.0625
5 0.341 0.7883333333333333 0.012 0.025
5 0.236 0.5575 0.0195 0.04083333333333333
5 0.5805 0.15083333333333335 0.014 0.0325