3 0.315505320780984 0.42916666666666664 0.08806475896062124 0.10166666666666667
5 0.25176208545581563 0.30916666666666665 0.034837843116554496 0.08
5 0.46503997142894804 0.09166666666666666 0.01841892155827725 0.04
5 0.515638504935599 0.13 0.07696002857105191 0.09166666666666666
5 0.8522784049369172 0.4508333333333333 0.06243131532411371 0.13666666666666666
3 0.8447400880555807 0.8841666666666667 0.04643131532411371 0.13666666666666666
5 0.6992161766258417 0.6 0.03450619688291817 0.04833333333333333
5 0.4837620854558156 0.30916666666666665 0.021418921558277248 0.04
5 0.907163811431057 0.605 0.04869820259712879 0.06666666666666667
5 0.42484290441564604 0.015 0.010122185454497525 0.011666666666666667
5 0.605051229610958 0.13833333333333334 0.020366556363492692 0.035