5 0.6692381366187123 0.4997294313176796 0.024733336159326883 0.0354654421387634
5 0.6515698839288842 0.5159118462550855 0.03487301923729365 0.0423260430299149
5 0.6145809931559996 0.49328637284112137 0.021873019237293647 0.042073928538084525
5 0.7494127404661711 0.506511290855135 0.01445397000339267 0.021938174580945238
5 0.3410635327712537 0.49775714054744585 0.022942860776277257 0.045426655293866434
5 0.06287461232543885 0.11216003127520063 0.05046667231865339 0.07095027769997524
5 0.3105809719610493 0.23657530944199104 0.022698415389834962 0.03375998862719977
5 0.2751444623424025 0.21642074589435434 0.047200008477980074 0.10587270401018135
5 0.22521271079324076 0.149027993549772 0.05336191001017812 0.06600845796732065
5 0.2237698500169636 0.10403769026099624 0.024803177698310207 0.03879877547209674
5 0.13739207271018472 0.11154855463612262 0.057641276166112164 0.07941936499044791
5 0.1586761969356039 0.07695523267558951 0.02273333615932671 0.03542665529386644
5 0.313295254647485 0.1990074324634214 0.02501270231526064 0.04879877547209674