5 0.319 0.46166666666666667 0.019 0.02666666666666667
5 0.333 0.48083333333333333 0.028 0.030833333333333334
5 0.3675 0.4683333333333333 0.0165 0.0325
5 0.2465 0.45 0.0105 0.016666666666666666
5 0.6105 0.5316666666666666 0.0165 0.035
5 0.9445 0.51 0.052 0.08416666666666667
5 0.884 0.2475 0.04 0.05416666666666667
5 0.655 0.30583333333333335 0.0185 0.025833333333333333
5 0.688 0.295 0.0325 0.08666666666666667
5 0.7365 0.245 0.0435 0.0475
5 0.7415 0.205 0.019 0.030833333333333334
5 0.817 0.23083333333333333 0.0445 0.06
5 0.8005 0.195 0.017 0.02666666666666667
5 0.655 0.2708333333333333 0.0175 0.04