5 0.445 0.5941666666666666 0.0555 0.06916666666666667
5 0.526 0.31666666666666665 0.038 0.10666666666666667
5 0.448 0.3225 0.0215 0.055
5 0.471 0.38416666666666666 0.028 0.060833333333333336
5 0.8545 0.7708333333333334 0.06 0.11833333333333333
5 0.853 0.6008333333333333 0.0305 0.09083333333333334
5 0.484 0.2633333333333333 0.038 0.08
5 0.374 0.8191666666666667 0.022 0.03666666666666667
5 0.235 0.5583333333333333 0.016 0.041666666666666664
5 0.2835 0.6216666666666667 0.0205 0.041666666666666664
5 0.9415 0.42583333333333334 0.0345 0.09583333333333334
5 0.493 0.17916666666666667 0.0205 0.04666666666666667
5 0.5405 0.17166666666666666 0.019 0.035833333333333335
5 0.538 0.11166666666666666 0.0335 0.0375
5 0.3975 0.9291666666666667 0.033 0.04666666666666667
5 0.596 0.4075 0.026 0.059166666666666666
5 0.7225 0.9808333333333333 0.031 0.03833333333333333
5 0.587 0.955 0.0255 0.03916666666666667