3 0.09741758865911358 0.7579312346497468 0.07844140965452076 0.18597356157064876
5 0.17736069981330627 0.9032169660932781 0.04762987510257642 0.06934392566103421
5 0.3996705774228598 0.5816323617063578 0.02157045628590174 0.024555560265544424
5 0.4209651415353658 0.6153254879973258 0.020977925061545874 0.04116402564972494
5 0.4853004525254362 0.653187936101869 0.027792862612834143 0.07484656667797557
5 0.31329198958435756 0.35691805782497177 0.025466887592318698 0.061396830779669925
5 0.6282622356187392 0.8437488137262141 0.028100165694238968 0.04657143462712876
5 0.32422746626866705 0.43660853603401467 0.023140912571803483 0.0479470948813641
5 0.3375517397895104 0.4914736180905163 0.027018671939110277 0.0431799000113089
5 0.3144414096545207 0.19970906423740298 0.016692696918594947 0.029264553853113284
5 0.18818671939110265 0.4270264949492184 0.026181659449367886 0.04978836539548941
5 0.5528182514360699 0.9641800130510438 0.018977925061545876 0.04104762308475225