5 0.7124297561702889 0.02359338151142544 0.03593101033422227 0.04718676302285088
5 0.5093212550158888 0.3508747992934437 0.01341895465040011 0.030504297264370355
5 0.5253557498487775 0.38356806302199925 0.021395679392044484 0.02914796737577774
5 0.538470871976622 0.4821722442784066 0.03948878042546676 0.03651289179311107
5 0.3957414638302221 0.2178552865268883 0.032488780425466754 0.03624134711229639
5 0.6268519873569773 0.7019561007125176 0.024558606200533177 0.04093101033422234
5 0.438485435988311 0.23452055967807345 0.02544222990875551 0.03263646909814819
5 0.467671220000511 0.2558761928089253 0.02253533094217778 0.03918675947303711
5 0.3082880143469332 0.21791626170374032 0.015302578358622212 0.022248548125555583
5 0.4493948432827556 0.025876889566666037 0.026488780425466756 0.036008594528740785
5 0.7029230672959775 0.5865660894667027 0.020349128875333463 0.02577584194518522