5 0.4191205836903024 0.453339171652844 0.05052630640899338 0.10426421761086013
5 0.590708883444119 0.6167427172925513 0.07383360949039842 0.07639632641629021
5 0.5941316211595294 0.4767427172925513 0.03801867193911016 0.04238422329726026
5 0.552194442975548 0.5142809203054971 0.04330390008206109 0.05414785707616943
5 0.6289609991793886 0.5457839105452539 0.05579286261283414 0.07438057814555103
5 0.2815636948444951 0.3097713657542758 0.026018671939110165 0.04215150222787846
5 0.4632886311422948 0.07901794143854061 0.028774190673723752 0.032209682495223955
5 0.41775128726407423 0.1615076608953653 0.028937178183981473 0.03887634916189062
5 0.6824516632098334 0.5676644886908049 0.03197792506154565 0.04060119609590269
5 0.6823531990152664 0.6535366088690352 0.024855684428852557 0.0354654421387634
5 0.7213939458928308 0.652626285677859 0.027507634469883215 0.06217089565032703
5 0.21022838385442463 0.34257079613832503 0.031507634469883215 0.06224846934012097
5 0.524734361381917 0.7371875983449641 0.04022240632693229 0.050756343475490365
5 0.1813752739537205 0.6838398976447979 0.01010016569423908 0.04517454080203625