5 0.5570532393910226 0.5713433523896426 0.05453616705146669 0.11051390829996763
5 0.3839696857135558 0.3879965856942557 0.07616376291777784 0.08406056205970268
5 0.3789597203029558 0.5305644603753834 0.039651707233955565 0.04704482560437877
5 0.4224825775066669 0.4959711528559134 0.043814634042444484 0.05875027780311844
5 0.34443560893531133 0.4575559558731618 0.059117212401066696 0.08056239021505916
5 0.6962643889348004 0.7283482812494744 0.02762843197560005 0.04526180234149289
5 0.5113134477793783 0.9485045345902404 0.030488780425466645 0.03529089149054774
5 0.5576845977491337 0.8672106230635399 0.0305818814588888 0.04195755815721441
5 0.2900632048016224 0.4314128938894811 0.03258188145888891 0.0419769509232511
5 0.2903179784796001 0.3422316826482871 0.026558606200533404 0.04025210595847473
5 0.2507830655920668 0.3401146897775083 0.028907735075866695 0.06527149872451124
5 0.7713803471719336 0.7001162043315958 0.03490773507586664 0.06532967702262074
5 0.4508520552578446 0.2714990501241716 0.042768083525733344 0.05540724808676686
5 0.8061205568382225 0.35889986386904127 0.025698257750666698 0.05024240957545648