5 0.392 0.4075 0.0335 0.12333333333333334
5 0.444 0.33916666666666667 0.0445 0.06166666666666667
5 0.3025 0.7141666666666666 0.045 0.09166666666666666
5 0.2945 0.6441666666666667 0.0405 0.05416666666666667
5 0.3395 0.49166666666666664 0.0285 0.050833333333333335
5 0.583 0.22083333333333333 0.021 0.0625
5 0.514 0.23166666666666666 0.0385 0.07583333333333334
5 0.0735 0.9483333333333334 0.0655 0.0925
5 0.146 0.85 0.0925 0.095
5 0.241 0.7883333333333333 0.068 0.17083333333333334
5 0.4475 0.25416666666666665 0.0385 0.065