5 0.5433412210592414 0.5772034204989753 0.05113016693899658 0.1040429239728121
5 0.38793806031689143 0.41324746631551534 0.0716063553966203 0.0800613199611602
5 0.37916185914229755 0.5460384365979004 0.036907940006785336 0.045079155027644334
5 0.4203253537626407 0.5124077205251341 0.04211746462373594 0.0553216302629653
5 0.34909361069145917 0.47923269724708917 0.05457143462712861 0.07757023749440237
5 0.6682507329592218 0.7184960544747585 0.025873019237293647 0.0428790428432715
5 0.4885253198507203 0.9286736019011911 0.028698415389834964 0.03469119465113067
5 0.5340792940931031 0.8523731531636999 0.028838098467801956 0.04135786131779734
5 0.2996348826185813 0.4558241162669655 0.030838098467801955 0.0414548514119258
5 0.30284600032367687 0.3740847070297026 0.024803177698310263 0.039497214462873936
5 0.26589838147791456 0.37337902377107773 0.028292068471194625 0.06297603293739987
5 0.7387920048863439 0.6892680678469317 0.033292068471194626 0.06321850817272093
5 0.4541904499491092 0.3026437833034069 0.040047623084752335 0.051891306835503505
5 0.8161936361253995 0.14190072807402823 0.016152385393227633 0.0557274257059629
5 0.7844444114745217 0.36987676101142813 0.028012702315260866 0.04964269960406663