5 0.711 0.23416666666666666 0.047 0.1125
5 0.662 0.5566666666666666 0.0415 0.059166666666666666
5 0.598 0.7408333333333333 0.0375 0.05333333333333334
5 0.9795 0.8416666666666667 0.036 0.07166666666666667
5 0.8305 0.9458333333333333 0.0355 0.04666666666666667
5 0.9175 0.8733333333333333 0.037 0.13166666666666665
5 0.764 0.6533333333333333 0.0195 0.03666666666666667
5 0.8295 0.7575 0.0575 0.09333333333333334
5 0.6805 0.4608333333333333 0.037 0.03833333333333333
5 0.6515 0.09583333333333334 0.023 0.03666666666666667
5 0.789 0.6791666666666667 0.019 0.0525
5 0.9225 0.9683333333333334 0.0595 0.0525