3 0.338 0.41833333333333333 0.0805 0.08666666666666667
5 0.282 0.2941666666666667 0.0295 0.075
5 0.4955 0.115 0.016 0.0375
5 0.543 0.16 0.069 0.07833333333333334
5 0.853 0.515 0.0525 0.125
3 0.828 0.9333333333333333 0.0365 0.13333333333333333
5 0.7 0.6366666666666667 0.03 0.04083333333333333
5 0.5045 0.3275 0.0185 0.035
5 0.8995 0.6708333333333333 0.0435 0.0575
5 0.46 0.02666666666666667 0.0095 0.029166666666666667
5 0.628 0.18 0.0175 0.03166666666666667
5 0.9935 0.5391666666666667 0.0125 0.0475