5 0.307844902758962 0.04478103071163414 0.040310194482075984 0.04469409032227034
5 0.4752868613302403 0.41030398257125605 0.014995747806377722 0.0327534341327807
5 0.4553435213031455 0.438829083867244 0.022995747806377722 0.033374444113417404
5 0.4313300739943707 0.5330322660014061 0.042310194482075986 0.04484934281742956
5 0.6030078136593363 0.3015963039377908 0.03425778670279306 0.042561666170126196
5 0.31930530547363206 0.7323426968817602 0.027362602261359142 0.04535161577040261
5 0.5586409592043549 0.3098474157109559 0.02710056336494381 0.03701828243706908
5 0.5275906775218829 0.3249798151597787 0.025310194482075984 0.04352969660857658
5 0.6896147553147134 0.3208497874772144 0.018733708909962614 0.024730605789765815
5 0.5707443393940183 0.10027436007264358 0.029205378923510127 0.040506868265561595
5 0.25623588891986016 0.6021417382939284 0.022890932247811746 0.03004111078008407